0.8987743854522705 25.75
1.7786815166473389 25.75
2.658698320388794 25.75
3.5387613773345947 25.75
4.418735504150391 25.75
5.298663139343262 25.812
6.178671836853027 26.062
7.058696269989014 26.437
7.938669443130493 26.75
8.818641424179077 27.0
9.698658466339111 27.125
10.578689575195312 27.187
11.459106683731079 27.437
12.338728666305542 27.437
13.219055891036987 27.375
14.098722696304321 27.25
14.97911524772644 27.187
15.858684062957764 27.062
16.73906946182251 27.062
17.61874222755432 26.937
18.498680353164673 26.937
19.378666162490845 26.875
20.258652687072754 26.812
21.138670921325684 26.687
22.018685579299927 26.625
22.898656368255615 26.562
23.778793811798096 26.5
24.65873908996582 26.5
25.53874635696411 26.437
26.418832540512085 26.375
27.298672914505005 26.375
28.179136991500854 26.375
29.058734893798828 26.312
29.9386785030365 26.312
30.818681240081787 26.312
31.698668718338013 26.312
32.57866048812866 26.25
